id,sequence
A76D_ca4da,IPQSLDSWWTSLNFYRWMDLRRFIIFLFILLLALIFLLVLLDYQGMLPVCPLIPGSSTTSTGPCRTCMTTAQGTSMYPSCCCTKPSDGNCTCIPIPSSWAFGKFLWEWASARF